800000
2 2 -20
2 1 -20
4 1 -40
1 2.5 -40
3 0.5 -55
2 1 -60
2 1 -80
0 2.5 -80
2 1 -90
0 2 -110
1 0.5 -120
4 0.5 -125
0 2 -135
0 1 -145
1 1.5 -155
3 0.5 -170
0 2.5 -170
4 1.5 -180
4 1 -195
2 0.5 -200
0 2.5 -220
0 2.5 -230
1 0.5 -230
2 2.5 -240
0 0.5 -250
3 1 -260
0 2 -275
3 0.5 -290
0 2 -300
2 1.5 -310
0 1 -315
3 2 -320
2 2.5 -330
0 1.5 -345
0 2.5 -360
4 2 -360
3 1 -375
3 2 -380
3 1 -400
0 2.5 -400
2 1.5 -415
0 1 -420
4 1 -440
1 2.5 -450
0 1.5 -460
3 0.5 -460
3 2 -480
4 1 -480
1 2.5 -495
0 2.5 -500
0 1.5 -520
1 2 -520
2 2 -540
2 0.5 -545
2 0.5 -555
2 0.5 -560
2 1.5 -575
3 1.5 -590
2 2.5 -600
0 1.5 -600
3 1.5 -610
2 2.5 -620
3 2.5 -635
0 1 -640
0 0.5 -655
1 0.5 -670
1 0.5 -675
1 0.5 -690
2 1.5 -700
3 2 -700
4 0.5 -715
1 1 -720
1 1.5 -740
4 1.5 -740
1 2.5 -750
4 1.5 -760
1 0.5 -775
1 0.5 -785
4 2.5 -795
1 0.5 -810
3 1.5 -810
4 0.5 -830
1 1 -840
4 2 -840
0 2.5 -855
0 0.5 -865
3 2.5 -880
0 1.5 -885
2 1.5 -900
4 0.5 -900
4 1 -915
2 0.5 -930
3 2 -935
1 1.5 -940
3 2.5 -960
1 2.5 -965
4 2.5 -970
4 0.5 -980
1 2.5 -995
2 1.5 -1005
0 2.5 -1015
2 2.5 -1025
1 2 -1040
3 1.5 -1045
2 0.5 -1055
4 2.5 -1070
4 1 -1080
0 0.5 -1080
3 2.5 -1100
3 1.5 -1105
4 1 -1110
4 1.5 -1125
4 1 -1130
2 1 -1150
4 1 -1150
2 1 -1160
2 2.5 -1180
1 1.5 -1185
0 1 -1190
3 0.5 -1205
1 1.5 -1215
3 1.5 -1225
1 1 -1230
1 1.5 -1240
4 2.5 -1250
3 2.5 -1265
3 1 -1270
1 1 -1280
3 1.5 -1300
1 1.5 -1310
4 2 -1310
4 0.5 -1330
3 1 -1340
4 2 -1350
0 2 -1360
4 2.5 -1365
3 2.5 -1375
2 1.5 -1385
2 0.5 -1395
1 1 -1410
1 1 -1410
0 2 -1420
4 0.5 -1440
2 2.5 -1445
2 1 -1455
3 1.5 -1465
2 2.5 -1470
3 2.5 -1480
2 0.5 -1500
1 0.5 -1500
3 1.5 -1515
3 2.5 -1525
2 1.5 -1540
0 2.5 -1550
2 2.5 -1555
3 2 -1565
0 2.5 -1570
2 2.5 -1580
3 2 -1595
1 2.5 -1600
1 1.5 -1620
2 1 -1625
4 1 -1640
3 2 -1640
1 1.5 -1655
4 2.5 -1660
1 0.5 -1675
2 2 -1690
2 1 -1690
1 2.5 -1700
1 0.5 -1715
3 2 -1730
1 1.5 -1740
1 2 -1750
0 1.5 -1755
0 2 -1770
0 2.5 -1770
2 1 -1780
0 0.5 -1800
3 1.5 -1800
0 1.5 -1815
2 1.5 -1820
4 0.5 -1835
2 0.5 -1845
2 2 -1855
3 2.5 -1870
0 0.5 -1870
1 1 -1880
0 1.5 -1900
1 2.5 -1905
3 2.5 -1910
2 2 -1930
1 0.5 -1935
4 0.5 -1945
1 1.5 -1955
1 1.5 -1965
4 2.5 -1970
0 2.5 -1980
2 1.5 -2000
4 1 -2000
2 1 -2010
1 1.5 -2030
1 2.5 -2035
4 2.5 -2045
1 2.5 -2060
0 1.5 -2070
2 1.5 -2070
0 1.5 -2080
4 2.5 -2090
4 0.5 -2110
1 0.5 -2120
2 1 -2125
3 2 -2140
1 1.5 -2150
0 1.5 -2160
1 2.5 -2165
0 1.5 -2175
3 0.5 -2185
2 0.5 -2195
2 0.5 -2210
2 2 -2215
1 1.5 -2230
2 1 -2240
2 1.5 -2250
4 2.5 -2260
1 2 -2265
0 1 -2280
2 2 -2285
2 0.5 -2295
4 1 -2310
1 1 -2310
1 1 -2320
1 2 -2330
0 1.5 -2350
0 2.5 -2350
3 2.5 -2370
1 0.5 -2370
4 2 -2390
2 2 -2395
0 2.5 -2405
1 0.5 -2410
4 2 -2425
4 2 -2440
0 2 -2440
4 2 -2455
2 1 -2460
1 1.5 -2470
0 2.5 -2490
3 1.5 -2495
4 1.5 -2505
4 2.5 -2520
2 1.5 -2520
3 2 -2540
4 2 -2540
1 2.5 -2555
1 1.5 -2560
0 1.5 -2575
1 1.5 -2590
0 1 -2595
1 1.5 -2610
1 1.5 -2610
1 1.5 -2620
2 0.5 -2640
3 0.5 -2650
0 2.5 -2655
2 0.5 -2660
3 1.5 -2670
1 1 -2680
2 1 -2690
2 2.5 -2700
2 1 -2720
2 1 -2725
3 1.5 -2740
1 0.5 -2750
2 1 -2750
4 2 -2760
2 0.5 -2780
4 1.5 -2790
2 0.5 -2795
4 2 -2810
4 1.5 -2810
4 0.5 -2820
4 1 -2830
1 1.5 -2840
1 2 -2855
0 2.5 -2865
1 2.5 -2880
2 2.5 -2880
3 2.5 -2890
2 1 -2900
1 1.5 -2920
4 2.5 -2930
4 2 -2935
2 2.5 -2950
3 1 -2960
4 0.5 -2965
0 0.5 -2970
0 2.5 -2985
4 2 -2995
2 1.5 -3000
0 1 -3010
0 1.5 -3030
4 1 -3040
4 0.5 -3040
1 2.5 -3050
1 1 -3065
1 2 -3070
2 0.5 -3090
1 1.5 -3100
1 2 -3100
1 2 -3120
2 0.5 -3130
1 2 -3135
1 1 -3145
3 0.5 -3160
0 1 -3170
2 1.5 -3170
1 1 -3185
3 1.5 -3195
4 2 -3210
2 2 -3210
1 2 -3230
3 1 -3230
1 2.5 -3250
0 1.5 -3250
4 2.5 -3270
4 1 -3280
4 1 -3290
2 2 -3290
4 2.5 -3300
3 2 -3310
0 0.5 -3320
1 2 -3330
3 0.5 -3350
4 2.5 -3355
3 2.5 -3360
0 1 -3380
2 0.5 -3380
0 2.5 -3400
1 1 -3410
1 1 -3410
1 0.5 -3420
2 1 -3435
3 2.5 -3445
2 0.5 -3450
1 2 -3460
0 2.5 -3480
4 2.5 -3480
1 1 -3490
3 2 -3510
3 1.5 -3515
3 0.5 -3520
2 2 -3535
0 2 -3545
2 0.5 -3555
1 1.5 -3560
2 2.5 -3570
2 1.5 -3580
4 1 -3600
2 1.5 -3605
2 0.5 -3610
1 0.5 -3620
1 1.5 -3630
2 2.5 -3650
3 2.5 -3655
4 1 -3670
0 1.5 -3680
2 2 -3680
1 2 -3695
2 2 -3710
3 2.5 -3720
3 1 -3725
0 1.5 -3730
4 0.5 -3745
2 2.5 -3760
3 0.5 -3770
2 0.5 -3780
2 1 -3785
1 2 -3800
4 1.5 -3800
3 2 -3815
4 1 -3830
1 0.5 -3830
0 1 -3845
2 1.5 -3850
2 1 -3870
2 1.5 -3875
2 2 -3885
4 2 -3900
0 1.5 -3910
3 2.5 -3915
4 2.5 -3930
1 1 -3940
4 1.5 -3950
3 1.5 -3960
3 1 -3960
0 0.5 -3980
4 2.5 -3990
0 0.5 -3995
1 0.5 -4010
0 1.5 -4020
4 2.5 -4030
4 0.5 -4040
3 2.5 -4045
1 1.5 -4060
0 1.5 -4060
3 1 -4080
4 1 -4090
2 2.5 -4100
3 0.5 -4110
3 2 -4120
3 2 -4125
4 2 -4140
3 0.5 -4145
0 2.5 -4155
0 0.5 -4160
1 1 -4175
2 1 -4185
4 2.5 -4200
4 0.5 -4210
1 2.5 -4215
0 2.5 -4225
0 2 -4240
2 0.5 -4245
2 1.5 -4250
2 2 -4265
3 2.5 -4275
0 1 -4290
1 1 -4295
2 2 -4300
0 1.5 -4310
0 0.5 -4320
1 2.5 -4335
1 2.5 -4350
1 2.5 -4350
2 1 -4365
2 2 -4370
0 1.5 -4390
4 0.5 -4390
3 2.5 -4410
4 0.5 -4410
3 2 -4420
2 1.5 -4430
4 1.5 -4440
2 2.5 -4455
0 1 -4470
0 2.5 -4475
4 0.5 -4490
1 1.5 -4500
2 2 -4510
2 0.5 -4510
2 1.5 -4525
2 1 -4530
0 2 -4545
0 2 -4550
4 1.5 -4565
3 2 -4580
4 0.5 -4580
1 2.5 -4590
1 1.5 -4610
1 2 -4615
1 2 -4620
4 2.5 -4640
0 1 -4650
4 1 -4650
3 2.5 -4660
0 2 -4680
2 1 -4685
0 1.5 -4690
1 2.5 -4705
1 1.5 -4715
0 2 -4730
4 2 -4740
1 2 -4740
3 1.5 -4750
0 1.5 -4770
3 2 -4775
1 2.5 -4790
4 1.5 -4800
1 0.5 -4800
1 2.5 -4815
2 1.5 -4820
3 2.5 -4835
2 2.5 -4850
3 2.5 -4855
4 1 -4860
1 1.5 -4875
0 2.5 -4885
1 0.5 -4900
3 2 -4900
2 0.5 -4915
4 2 -4920
1 0.5 -4930
3 1.5 -4945
4 2.5 -4955
0 1.5 -4965
1 1 -4975
3 1.5 -4985
0 1.5 -4995
1 2 -5005
2 1.5 -5015
0 1 -5025
0 1 -5030
0 2 -5040
3 0.5 -5060
0 1 -5065
3 1 -5080
0 1 -5090
4 1 -5100
4 2 -5110
2 0.5 -5115
0 0.5 -5125
4 1 -5135
1 2 -5145
4 0.5 -5155
0 1 -5160
3 1.5 -5175
4 1 -5180
1 1.5 -5190
2 1.5 -5200
3 2.5 -5215
0 1.5 -5225
2 1 -5230
2 2.5 -5250
1 2 -5260
2 2.5 -5260
0 1.5 -5270
2 1 -5280
1 1.5 -5295
1 2 -5305
3 2 -5315
0 2 -5325
0 2.5 -5340
1 2 -5350
2 1.5 -5355
1 2.5 -5370
3 1.5 -5375
3 1.5 -5380
2 2.5 -5400
0 0.5 -5400
4 2 -5415
1 0.5 -5420
1 1 -5435
0 2.5 -5440
3 1 -5460
3 1.5 -5460
0 2.5 -5470
0 1 -5480
2 1.5 -5495
4 0.5 -5510
4 2.5 -5520
1 2 -5530
4 0.5 -5535
1 0.5 -5540
0 1.5 -5555
2 2.5 -5565
0 0.5 -5570
3 2 -5590
0 0.5 -5595
2 0.5 -5605
0 1 -5610
2 1.5 -5625
3 1.5 -5630
4 2.5 -5650
4 0.5 -5650
0 0.5 -5670
4 2 -5675
0 1 -5685
0 2 -5690
4 1.5 -5705
2 2 -5720
4 0.5 -5725
1 2 -5740
1 2.5 -5740
2 2.5 -5760
0 1 -5760
4 2 -5770
1 1.5 -5780
3 1.5 -5795
3 2 -5805
1 2.5 -5815
1 0.5 -5825
3 2 -5840
0 1.5 -5850
1 0.5 -5855
1 0.5 -5860
0 1 -5875
0 1.5 -5880
1 1 -5900
0 1.5 -5910
4 2 -5915
2 1.5 -5920
1 0.5 -5935
1 2 -5950
3 2 -5960
2 1 -5960
4 0.5 -5980
0 1.5 -5990
2 2 -5990
0 1.5 -6010
1 1 -6015
2 1 -6030
1 0.5 -6030
3 1.5 -6045
1 1 -6060
3 1 -6060
2 2.5 -6080
0 1.5 -6085
1 1 -6100
1 0.5 -6100
1 1.5 -6115
0 0.5 -6120
4 1.5 -6130
2 1.5 -6145
2 2.5 -6155
3 0.5 -6165
4 2.5 -6170
2 2.5 -6180
3 0.5 -6190
4 2.5 -6205
0 2 -6215
3 2.5 -6225
1 0.5 -6240
4 2 -6250
1 0.5 -6250
3 2.5 -6260
2 1 -6280
2 0.5 -6285
0 2.5 -6300
2 1 -6300
3 0.5 -6320
0 2 -6325
1 1.5 -6340
4 1.5 -6345
3 1 -6350
1 2.5 -6365
0 2.5 -6370
2 0.5 -6390
4 0.5 -6400
0 2 -6400
3 2 -6410
3 1 -6425
0 2 -6435
2 2 -6445
0 1 -6460
0 1.5 -6470
0 0.5 -6470
2 1.5 -6480
3 1 -6490
2 2 -6510
2 0.5 -6515
0 2.5 -6520
0 2 -6535
4 0.5 -6550
0 2.5 -6560
3 1.5 -6565
4 2 -6580
2 2.5 -6580
4 2.5 -6600
2 0.5 -6610
0 1.5 -6615
1 2.5 -6625
4 0.5 -6630
2 2.5 -6640
4 1 -6650
4 2 -6660
3 1.5 -6670
4 2 -6680
4 1 -6695
4 1 -6705
2 2 -6720
4 1.5 -6720
2 1 -6735
0 1 -6740
2 1.5 -6750
1 2 -6760
4 2.5 -6780
2 0.5 -6790
1 1 -6795
4 2.5 -6800
1 2.5 -6810
2 1 -6825
3 1 -6835
2 0.5 -6850
0 1 -6855
0 0.5 -6865
2 1.5 -6875
3 2.5 -6890
2 2.5 -6900
3 1 -6910
0 1 -6915
2 2.5 -6920
0 1 -6935
2 0.5 -6940
2 1 -6960
2 2 -6960
0 2.5 -6975
4 1.5 -6990
2 2.5 -6990
2 1 -7010
3 0.5 -7020
1 1.5 -7020
1 2 -7030
3 1.5 -7040
3 1 -7050
3 1.5 -7065
4 0.5 -7080
0 1.5 -7090
0 2 -7100
4 1.5 -7105
1 2 -7110
4 2 -7125
0 1 -7140
0 0.5 -7145
1 0.5 -7155
0 2 -7160
4 2.5 -7175
3 2.5 -7185
0 2.5 -7195
4 1.5 -7200
2 2 -7220
0 1 -7225
2 1 -7230
3 0.5 -7240
4 2 -7260
2 2.5 -7265
1 1 -7280
4 0.5 -7285
2 2.5 -7295
1 1 -7300
4 2 -7320
2 1.5 -7320
1 0.5 -7330
0 0.5 -7350
2 1 -7355
3 2 -7365
4 1 -7370
4 1 -7380
1 1.5 -7400
2 2 -7410
3 2 -7410
2 1.5 -7420
4 2.5 -7440
3 2.5 -7440
2 0.5 -7460
1 1 -7470
2 2 -7475
1 2 -7480
4 2.5 -7490
0 1.5 -7500
1 1.5 -7510
4 2.5 -7530
0 2.5 -7540
1 1 -7550
3 0.5 -7550
1 2 -7565
0 2 -7575
2 1 -7580
0 1.5 -7595
0 0.5 -7600
4 1.5 -7610
1 2 -7625
4 1.5 -7640
1 1 -7650
3 2.5 -7650
0 1 -7660
3 1 -7680
1 0.5 -7680
1 0.5 -7700
3 2.5 -7700
2 1 -7720
3 2.5 -7720
4 0.5 -7740
1 1 -7745
4 1.5 -7755
1 1.5 -7765
2 1 -7775
2 1.5 -7790
3 0.5 -7795
2 1.5 -7800
1 1 -7810
2 1 -7825
3 0.5 -7830
2 1 -7850
4 0.5 -7855
1 2 -7870
4 1 -7880
3 2 -7890
2 1 -7890
0 0.5 -7910
0 1 -7910
4 2.5 -7920
1 2.5 -7930
0 1.5 -7940
3 0.5 -7955
4 2.5 -7965
2 2.5 -7980
2 2.5 -7985
3 1 -7990
2 2 -8000