-265000
0 0.4 -30
1.2 1.6 -60
1.2 1.6 -90
1.2 1.6 -120
1.2 1.6 -150
0 0.4 -180
0 0.4 -210
1.2 1.6 -240
1.2 1.6 -270
1.2 1.6 -300
0 0.4 -330
1.2 1.6 -360
0 0.4 -390
1.2 1.6 -420
0 0.4 -450
0 0.4 -480
1.2 1.6 -510
1.2 1.6 -540
0 0.4 -570
0 0.4 -600
0 0.4 -630
1.2 1.6 -660
0 0.4 -690
1.2 1.6 -720
1.2 1.6 -750
0 0.4 -780
1.2 1.6 -810
0 0.4 -840
0 0.4 -870
1.2 1.6 -900
1.2 1.6 -930
0 0.4 -960
1.2 1.6 -990
1.2 1.6 -1020
1.2 1.6 -1050
0 0.4 -1080
1.2 1.6 -1110
0 0.4 -1140
0 0.4 -1170
1.2 1.6 -1200
1.2 1.6 -1230
1.2 1.6 -1260
0 0.4 -1290
1.2 1.6 -1320
1.2 1.6 -1350
1.2 1.6 -1380
0 0.4 -1410
1.2 1.6 -1440
1.2 1.6 -1470
0 0.4 -1500
1.2 1.6 -1530
0 0.4 -1560
1.2 1.6 -1590
1.2 1.6 -1620
1.2 1.6 -1650
0 0.4 -1680
0 0.4 -1710
0 0.4 -1740
0 0.4 -1770
0 0.4 -1800
0 0.4 -1830
0 0.4 -1860
1.2 1.6 -1890
0 0.4 -1920
1.2 1.6 -1950
0 0.4 -1980
0 0.4 -2010
1.2 1.6 -2040
0 0.4 -2070
1.2 1.6 -2100
1.2 1.6 -2130
0 0.4 -2160
0 0.4 -2190
0 0.4 -2220
0 0.4 -2250
0 0.4 -2280
0 0.4 -2310
1.2 1.6 -2340
1.2 1.6 -2370
0 0.4 -2400
0 0.4 -2430
1.2 1.6 -2460
1.2 1.6 -2490
0 0.4 -2520
1.2 1.6 -2550
0 0.4 -2580
0 0.4 -2610
1.2 1.6 -2640
0 0.4 -2670
0 0.4 -2700
1.2 1.6 -2730
0 0.4 -2760
1.2 1.6 -2790
1.2 1.6 -2820
0 0.4 -2850
0 0.4 -2880
1.2 1.6 -2910
0 0.4 -2940
1.2 1.6 -2970
0 0.4 -3000
1.2 1.6 -3030
0 0.4 -3060
0 0.4 -3090
0 0.4 -3120
1.2 1.6 -3150
0 0.4 -3180
1.2 1.6 -3210
0 0.4 -3240
0 0.4 -3270
1.2 1.6 -3300
0 0.4 -3330
0 0.4 -3360
1.2 1.6 -3390
1.2 1.6 -3420
0 0.4 -3450
1.2 1.6 -3480
0 0.4 -3510
0 0.4 -3540
0 0.4 -3570
1.2 1.6 -3600
1.2 1.6 -3630
0 0.4 -3660
1.2 1.6 -3690
0 0.4 -3720
0 0.4 -3750
1.2 1.6 -3780
1.2 1.6 -3810
0 0.4 -3840
1.2 1.6 -3870
0 0.4 -3900
1.2 1.6 -3930
1.2 1.6 -3960
0 0.4 -3990
0 0.4 -4020
0 0.4 -4050
0 0.4 -4080
1.2 1.6 -4110
1.2 1.6 -4140
0 0.4 -4170
1.2 1.6 -4200
1.2 1.6 -4230
1.2 1.6 -4260
0 0.4 -4290
0 0.4 -4320
1.2 1.6 -4350
0 0.4 -4380
1.2 1.6 -4410
1.2 1.6 -4440
0 0.4 -4470
0 0.4 -4500
0 0.4 -4530
0 0.4 -4560
0 0.4 -4590
1.2 1.6 -4620
0 0.4 -4650
1.2 1.6 -4680
1.2 1.6 -4710
1.2 1.6 -4740
0 0.4 -4770
0 0.4 -4800
1.2 1.6 -4830
0 0.4 -4860
1.2 1.6 -4890
0 0.4 -4920
1.2 1.6 -4950
1.2 1.6 -4980
1.2 1.6 -5010
1.2 1.6 -5040
0 0.4 -5070
0 0.4 -5100
1.2 1.6 -5130
0 0.4 -5160
1.2 1.6 -5190
0 0.4 -5220
0 0.4 -5250
0 0.4 -5280
1.2 1.6 -5310
1.2 1.6 -5340
1.2 1.6 -5370
1.2 1.6 -5400
0 0.4 -5430
0 0.4 -5460
0 0.4 -5490
0 0.4 -5520
0 0.4 -5550
1.2 1.6 -5580
0 0.4 -5610
1.2 1.6 -5640
0 0.4 -5670
1.2 1.6 -5700
0 0.4 -5730
0 0.4 -5760
0 0.4 -5790
0 0.4 -5820
1.2 1.6 -5850
0 0.4 -5880
0 0.4 -5910
0 0.4 -5940
1.2 1.6 -5970
1.2 1.6 -6000
1.2 1.6 -6030
0 0.4 -6060
0 0.4 -6090
0 0.4 -6120
1.2 1.6 -6150
0 0.4 -6180
0 0.4 -6210
0 0.4 -6240
1.2 1.6 -6270
0 0.4 -6300
0 0.4 -6330
1.2 1.6 -6360
1.2 1.6 -6390
1.2 1.6 -6420
0 0.4 -6450
0 0.4 -6480
1.2 1.6 -6510
1.2 1.6 -6540
1.2 1.6 -6570
1.2 1.6 -6600
1.2 1.6 -6630
1.2 1.6 -6660
1.2 1.6 -6690
0 0.4 -6720
1.2 1.6 -6750
0 0.4 -6780
1.2 1.6 -6810
0 0.4 -6840
1.2 1.6 -6870
1.2 1.6 -6900
0 0.4 -6930
0 0.4 -6960
0 0.4 -6990
1.2 1.6 -7020
1.2 1.6 -7050
1.2 1.6 -7080
0 0.4 -7110
0 0.4 -7140
0 0.4 -7170
1.2 1.6 -7200
0 0.4 -7230
1.2 1.6 -7260
0 0.4 -7290
1.2 1.6 -7320
1.2 1.6 -7350
0 0.4 -7380
0 0.4 -7410
1.2 1.6 -7440
1.2 1.6 -7470
1.2 1.6 -7500
0 0.4 -7530
0 0.4 -7560
0 0.4 -7590
0 0.4 -7620
1.2 1.6 -7650
0 0.4 -7680
0 0.4 -7710
0 0.4 -7740
0 0.4 -7770
0 0.4 -7800
0 0.4 -7830
0 0.4 -7860
1.2 1.6 -7890
0 0.4 -7920
1.2 1.6 -7950