800
1 0.5 -20
0 0.5 -35
4 0.9 -45
0 0.9 -50
1 0.9 -65
0 0.5 -70
2 0.9 -85
0 0.9 -85
2 0.9 -100
3 0.5 -110
4 0.5 -120
4 0.5 -130
1 0.9 -140
0 0.9 -155
0 0.9 -160
1 0.9 -165
3 0.9 -185
4 0.9 -185
3 0.9 -200
0 0.5 -210
1 0.5 -215
4 0.9 -230
0 0.9 -245
1 0.9 -255
1 0.9 -260
1 0.9 -265
1 0.9 -280
4 0.5 -290
1 0.9 -300
0 0.9 -310
0 0.5 -325
2 0.9 -325
0 0.5 -335
4 0.5 -345
3 0.5 -365
2 0.5 -375
1 0.9 -375
3 0.9 -385
4 0.9 -395
0 0.5 -410
3 0.9 -425
1 0.5 -425
0 0.5 -445
3 0.5 -445
4 0.9 -465
0 0.9 -475
0 0.9 -485
1 0.5 -490
1 0.9 -500
4 0.9 -510
2 0.5 -525
2 0.5 -530
4 0.9 -535
3 0.9 -550
3 0.9 -555
2 0.5 -570
2 0.9 -575
2 0.5 -595
4 0.5 -605
3 0.9 -615
0 0.9 -625
2 0.9 -635
1 0.9 -635
2 0.9 -650
2 0.9 -660
1 0.5 -665
2 0.9 -680
1 0.9 -695
4 0.9 -700
4 0.5 -705
4 0.5 -720
2 0.5 -725
4 0.9 -745
1 0.5 -750
0 0.9 -755
0 0.5 -770
0 0.9 -775
1 0.9 -790
0 0.5 -795
2 0.9 -810
4 0.9 -825
4 0.5 -825
3 0.9 -835
0 0.5 -850
2 0.5 -865
4 0.9 -875
3 0.9 -875
0 0.9 -885
0 0.5 -895
2 0.9 -910
0 0.9 -920
1 0.5 -935
0 0.5 -935
2 0.5 -945
4 0.5 -955
2 0.9 -970
3 0.5 -980
2 0.5 -995
4 0.9 -1005
3 0.5 -1010
0 0.9 -1015
2 0.5 -1030
4 0.9 -1040
1 0.9 -1045
1 0.5 -1065
0 0.5 -1065
3 0.9 -1085
2 0.5 -1085
4 0.5 -1105
0 0.9 -1115
2 0.5 -1115
3 0.9 -1130
3 0.9 -1145
0 0.5 -1155
0 0.9 -1160
4 0.9 -1175
3 0.9 -1175
1 0.5 -1195
2 0.9 -1200
3 0.9 -1210
3 0.9 -1220
2 0.9 -1235
4 0.9 -1235
3 0.5 -1255
3 0.5 -1265
1 0.9 -1270
2 0.5 -1275
1 0.5 -1285
4 0.9 -1305
4 0.5 -1315
1 0.5 -1320
1 0.5 -1335
2 0.9 -1340
1 0.5 -1345
1 0.9 -1365
3 0.5 -1365
0 0.5 -1375
3 0.9 -1390
2 0.5 -1400
4 0.5 -1415
4 0.5 -1415
0 0.5 -1435
0 0.5 -1445
2 0.9 -1455
1 0.9 -1455
2 0.5 -1465
3 0.9 -1485
2 0.5 -1495
0 0.9 -1500
1 0.5 -1510
2 0.5 -1525
3 0.5 -1525
1 0.5 -1545
4 0.5 -1555
1 0.9 -1560
4 0.9 -1570
1 0.9 -1585
4 0.5 -1585
3 0.9 -1605
4 0.5 -1605
1 0.5 -1615
4 0.5 -1630
4 0.9 -1645
0 0.5 -1655
2 0.9 -1665
4 0.5 -1675
0 0.9 -1675
1 0.9 -1685
2 0.9 -1705
2 0.9 -1710
1 0.5 -1725
0 0.9 -1725
1 0.9 -1735
1 0.5 -1750
0 0.9 -1760
0 0.5 -1775
4 0.9 -1780
1 0.9 -1785
0 0.9 -1805
4 0.5 -1805
4 0.5 -1820
1 0.9 -1825
3 0.5 -1845
0 0.5 -1850
1 0.9 -1865
4 0.9 -1875
3 0.9 -1880
2 0.5 -1895
4 0.5 -1905
0 0.5 -1915
1 0.5 -1915
2 0.5 -1925
4 0.9 -1940
0 0.5 -1955
0 0.9 -1965
3 0.9 -1970
3 0.5 -1980
4 0.9 -1990
3 0.9 -2005
1 0.9 -2010
2 0.5 -2015
3 0.9 -2025
3 0.9 -2040
1 0.5 -2050
4 0.5 -2060
4 0.5 -2070
1 0.9 -2085
3 0.9 -2085
0 0.9 -2100
0 0.9 -2115
1 0.9 -2125
0 0.5 -2125
4 0.5 -2145
2 0.5 -2150
1 0.9 -2160
3 0.9 -2175
1 0.9 -2180
2 0.9 -2185
3 0.9 -2205
2 0.9 -2215
0 0.9 -2220
4 0.9 -2225
2 0.5 -2235
0 0.9 -2255
3 0.5 -2265
0 0.5 -2265
1 0.5 -2275
3 0.5 -2285
3 0.9 -2305
3 0.9 -2305
2 0.9 -2315
4 0.5 -2325
2 0.9 -2345
3 0.5 -2345
2 0.9 -2365
1 0.9 -2375
3 0.9 -2375
3 0.5 -2390
0 0.9 -2395
2 0.9 -2410
4 0.9 -2415
1 0.9 -2435
0 0.5 -2445
2 0.5 -2445
4 0.5 -2455
1 0.9 -2475
2 0.5 -2475
0 0.5 -2495
4 0.5 -2500
1 0.5 -2515
2 0.5 -2525
4 0.9 -2535
2 0.5 -2535
1 0.5 -2545
3 0.9 -2565
4 0.5 -2570
2 0.9 -2580
3 0.5 -2590
0 0.5 -2595
3 0.5 -2615
1 0.5 -2620
0 0.5 -2625
1 0.9 -2640
0 0.9 -2655
4 0.5 -2665
4 0.5 -2665
4 0.5 -2680
2 0.9 -2685
0 0.5 -2700
0 0.9 -2715
2 0.9 -2720
3 0.5 -2735
3 0.9 -2740
3 0.9 -2745
0 0.5 -2755
4 0.9 -2765
3 0.5 -2785
2 0.9 -2790
3 0.5 -2795
1 0.9 -2805
0 0.9 -2825
0 0.5 -2835
0 0.9 -2845
0 0.9 -2845
4 0.9 -2860
1 0.9 -2875
0 0.9 -2875
1 0.5 -2895
3 0.5 -2895
3 0.9 -2915
2 0.9 -2920
2 0.5 -2930
0 0.9 -2940
3 0.5 -2950
0 0.9 -2955
4 0.9 -2970
4 0.5 -2980
1 0.9 -2985
2 0.9 -3000
0 0.5 -3010
4 0.5 -3020
2 0.9 -3030
1 0.5 -3035
0 0.9 -3050
2 0.9 -3065
4 0.9 -3065
4 0.9 -3085
4 0.5 -3090
2 0.5 -3105
2 0.9 -3110
0 0.9 -3125
4 0.9 -3130
1 0.5 -3145
3 0.9 -3150
2 0.5 -3155
0 0.5 -3165
0 0.9 -3180
1 0.5 -3185
0 0.9 -3195
3 0.9 -3205
4 0.5 -3215
4 0.9 -3230
1 0.5 -3240
2 0.9 -3245
3 0.5 -3265
2 0.9 -3275
1 0.9 -3280
2 0.9 -3295
4 0.9 -3300
3 0.5 -3305
3 0.9 -3315
1 0.9 -3335
2 0.9 -3335
3 0.5 -3355
2 0.9 -3360
3 0.9 -3375
4 0.9 -3380
0 0.5 -3395
0 0.9 -3400
4 0.5 -3410
1 0.5 -3420
2 0.5 -3430
0 0.9 -3440
0 0.5 -3450
3 0.9 -3465
3 0.9 -3465
2 0.5 -3480
2 0.9 -3495
2 0.5 -3505
3 0.9 -3505
2 0.5 -3525
3 0.5 -3525
4 0.5 -3535
4 0.9 -3545
0 0.9 -3560
3 0.5 -3570
2 0.5 -3585
4 0.9 -3585
1 0.5 -3605
3 0.5 -3610
1 0.5 -3625
1 0.5 -3635
4 0.9 -3635
3 0.5 -3645
3 0.9 -3660
0 0.5 -3670
1 0.5 -3680
1 0.9 -3690
3 0.9 -3700
4 0.5 -3710
3 0.9 -3715
3 0.5 -3730
1 0.9 -3745
1 0.9 -3755
0 0.9 -3755
4 0.9 -3775
1 0.9 -3785
1 0.9 -3790
1 0.5 -3805
2 0.9 -3810
3 0.5 -3825
2 0.5 -3825
1 0.9 -3835
3 0.9 -3845
3 0.5 -3860
1 0.5 -3865
2 0.5 -3880
4 0.9 -3885
1 0.5 -3900
1 0.5 -3905
2 0.9 -3925
4 0.5 -3930
4 0.9 -3940
0 0.9 -3945
3 0.9 -3960
3 0.5 -3970
3 0.9 -3975
3 0.5 -3995
2 0.5 -4005
0 0.5 -4015
3 0.5 -4015
2 0.9 -4030
0 0.5 -4040
4 0.9 -4050
3 0.5 -4060
1 0.5 -4075
4 0.9 -4085
0 0.9 -4085
0 0.5 -4095
3 0.5 -4110
2 0.5 -4115
1 0.9 -4125
2 0.9 -4135
2 0.5 -4155
1 0.9 -4155
1 0.9 -4165
3 0.5 -4180
0 0.5 -4195
3 0.5 -4200
4 0.9 -4215
4 0.9 -4215
2 0.5 -4235
1 0.9 -4235
2 0.5 -4245
1 0.5 -4265
4 0.5 -4275
2 0.9 -4280
1 0.5 -4285
1 0.9 -4305
4 0.5 -4310
2 0.5 -4325
0 0.5 -4330
3 0.9 -4345
4 0.9 -4350
3 0.9 -4355
0 0.5 -4370
1 0.9 -4380
0 0.5 -4390
4 0.9 -4395
1 0.9 -4405
2 0.9 -4415
1 0.5 -4435
0 0.9 -4435
4 0.9 -4445
3 0.9 -4455
1 0.9 -4470
0 0.5 -4475
2 0.5 -4485
4 0.9 -4495
0 0.9 -4505
0 0.5 -4525
3 0.9 -4525
2 0.5 -4545
1 0.5 -4545
4 0.5 -4560
4 0.5 -4575
3 0.5 -4575
2 0.9 -4590
4 0.5 -4600
2 0.9 -4605
4 0.5 -4625
1 0.9 -4635
3 0.5 -4635
4 0.5 -4645
2 0.5 -4660
4 0.5 -4665
4 0.5 -4675
3 0.9 -4685
0 0.5 -4700
1 0.9 -4710
3 0.9 -4715
2 0.5 -4725
4 0.5 -4735
3 0.5 -4755
2 0.5 -4755
1 0.5 -4775
2 0.9 -4785
0 0.5 -4790
1 0.5 -4795
0 0.9 -4815
0 0.9 -4825
1 0.5 -4825
2 0.5 -4835
3 0.5 -4850
2 0.5 -4865
3 0.5 -4865
3 0.9 -4885
3 0.9 -4895
0 0.9 -4895
4 0.5 -4915
3 0.9 -4920
4 0.5 -4935
0 0.5 -4935
4 0.5 -4950
1 0.5 -4955
3 0.5 -4970
1 0.9 -4985
1 0.9 -4990
0 0.9 -5000
1 0.9 -5015
1 0.5 -5025
3 0.5 -5030
3 0.5 -5045
4 0.5 -5055
3 0.9 -5065
3 0.5 -5070
3 0.9 -5085
2 0.9 -5090
3 0.5 -5100
4 0.9 -5110
1 0.5 -5115
1 0.9 -5125
4 0.5 -5140
4 0.5 -5155
2 0.5 -5160
3 0.9 -5175
3 0.5 -5175
0 0.9 -5195
1 0.5 -5205
1 0.9 -5210
3 0.9 -5215
3 0.9 -5235
0 0.9 -5240
4 0.9 -5255
4 0.9 -5265
1 0.9 -5270
1 0.5 -5280
3 0.9 -5285
0 0.9 -5300
2 0.5 -5310
1 0.9 -5315
4 0.5 -5330
0 0.9 -5345
2 0.9 -5345
3 0.5 -5365
2 0.5 -5365
3 0.9 -5380
1 0.5 -5395
0 0.9 -5395
0 0.9 -5415
1 0.9 -5415
0 0.9 -5425
3 0.9 -5445
1 0.5 -5455
1 0.9 -5465
1 0.9 -5475
0 0.9 -5480
2 0.9 -5495
4 0.9 -5495
3 0.5 -5510
2 0.9 -5525
1 0.9 -5530
2 0.9 -5535
2 0.5 -5550
0 0.5 -5555
4 0.9 -5575
0 0.5 -5575
2 0.5 -5590
3 0.5 -5595
1 0.9 -5615
1 0.5 -5620
1 0.5 -5625
3 0.9 -5645
0 0.9 -5650
3 0.9 -5660
3 0.9 -5665
3 0.5 -5675
3 0.5 -5685
1 0.5 -5695
4 0.5 -5715
0 0.9 -5720
4 0.9 -5735
0 0.5 -5745
0 0.5 -5755
1 0.9 -5755
3 0.9 -5765
2 0.5 -5775
0 0.5 -5790
1 0.5 -5800
1 0.9 -5815
2 0.5 -5825
3 0.9 -5830
4 0.5 -5835
4 0.5 -5850
0 0.9 -5865
0 0.9 -5865
0 0.9 -5875
2 0.9 -5895
0 0.9 -5895
2 0.9 -5910
2 0.5 -5925
0 0.9 -5935
2 0.5 -5935
4 0.9 -5950
2 0.9 -5965
1 0.5 -5975
3 0.9 -5985
0 0.9 -5995
0 0.9 -5995
2 0.9 -6010
3 0.5 -6020
0 0.5 -6025
3 0.9 -6040
3 0.5 -6050
0 0.9 -6065
3 0.9 -6070
1 0.9 -6080
0 0.5 -6090
3 0.9 -6095
4 0.9 -6105
1 0.5 -6125
1 0.9 -6135
3 0.9 -6140
1 0.5 -6150
0 0.5 -6155
0 0.5 -6165
4 0.9 -6180
4 0.5 -6185
3 0.9 -6205
0 0.5 -6205
0 0.9 -6215
3 0.5 -6230
2 0.5 -6235
1 0.5 -6255
4 0.9 -6260
4 0.5 -6265
1 0.5 -6275
3 0.9 -6285
0 0.9 -6300
0 0.9 -6310
0 0.5 -6320
1 0.9 -6330
0 0.5 -6340
3 0.9 -6345
4 0.9 -6365
0 0.9 -6375
0 0.9 -6385
3 0.5 -6390
4 0.5 -6400
4 0.5 -6405
1 0.9 -6425
3 0.5 -6435
1 0.5 -6435
2 0.5 -6450
3 0.5 -6460
4 0.5 -6465
2 0.9 -6475
4 0.5 -6490
3 0.5 -6505
1 0.9 -6515
3 0.5 -6520
3 0.5 -6530
3 0.5 -6540
4 0.9 -6555
0 0.5 -6555
2 0.9 -6570
0 0.5 -6585
3 0.9 -6595
1 0.9 -6595
4 0.5 -6610
0 0.9 -6615
2 0.5 -6630
4 0.9 -6640
4 0.9 -6650
1 0.5 -6655
2 0.9 -6675
0 0.5 -6675
3 0.5 -6685
1 0.5 -6705
4 0.5 -6705
2 0.5 -6720
4 0.9 -6730
2 0.5 -6745
1 0.9 -6750
2 0.5 -6755
2 0.9 -6775
4 0.5 -6780
1 0.5 -6785
0 0.9 -6805
4 0.5 -6805
0 0.9 -6815
3 0.9 -6830
2 0.5 -6835
4 0.9 -6845
1 0.5 -6855
1 0.5 -6865
0 0.5 -6875
3 0.9 -6885
0 0.5 -6895
1 0.5 -6915
0 0.5 -6920
2 0.5 -6935
0 0.5 -6940
3 0.5 -6955
4 0.5 -6960
2 0.5 -6975
3 0.5 -6975
1 0.9 -6985
0 0.9 -7000
3 0.5 -7015
1 0.5 -7015
4 0.9 -7035
0 0.5 -7040
3 0.5 -7055
1 0.9 -7065
1 0.5 -7075
2 0.5 -7075
1 0.9 -7085
2 0.9 -7105
1 0.5 -7110
3 0.9 -7120
3 0.9 -7125
0 0.5 -7135
1 0.5 -7150
3 0.5 -7155
4 0.9 -7170
1 0.5 -7180
1 0.5 -7195
0 0.5 -7200
4 0.5 -7210
4 0.9 -7220
1 0.9 -7230
1 0.5 -7235
3 0.9 -7245
0 0.5 -7265
4 0.5 -7265
0 0.9 -7285
2 0.9 -7285
2 0.9 -7300
1 0.5 -7315
3 0.9 -7315
2 0.5 -7335
0 0.5 -7345
2 0.5 -7345
3 0.9 -7360
0 0.5 -7375
2 0.5 -7380
4 0.9 -7395
2 0.9 -7405
4 0.9 -7405
4 0.9 -7425
1 0.9 -7425
3 0.5 -7435
1 0.9 -7445
4 0.9 -7465
4 0.9 -7475
0 0.9 -7475
2 0.5 -7495
1 0.5 -7495
0 0.9 -7505
3 0.5 -7515
3 0.9 -7530
4 0.9 -7535
2 0.9 -7545
1 0.5 -7560
0 0.9 -7575
3 0.9 -7575
4 0.5 -7590
1 0.5 -7605
4 0.9 -7605
0 0.9 -7620
4 0.5 -7625
1 0.9 -7645
2 0.9 -7650
0 0.5 -7665
1 0.9 -7675
1 0.9 -7675
0 0.5 -7685
4 0.9 -7695
3 0.9 -7710
4 0.5 -7715
0 0.5 -7735
0 0.9 -7740
1 0.9 -7750
3 0.5 -7755
4 0.9 -7775
1 0.9 -7780
1 0.9 -7790
4 0.9 -7800
0 0.9 -7810
1 0.5 -7825
1 0.9 -7835
3 0.5 -7840
4 0.9 -7845
3 0.5 -7860
1 0.5 -7865
4 0.5 -7885
0 0.5 -7895
1 0.5 -7895
2 0.9 -7905
3 0.9 -7925
1 0.5 -7925
1 0.9 -7935
2 0.9 -7945
2 0.9 -7955
2 0.5 -7965
4 0.9 -7985
4 0.9 -7985
3 0.9 -8005
2 0.9 -8015